0 338 19 843
0 338 18 844
0 338 17 845
0 338 18 846
0 338 19 847
0 2203 19 879
0 2203 18 880
0 2203 19 881
0 2293 19 475
0 2293 18 476
0 2293 17 477
0 2293 16 478
0 2293 15 479
0 2293 14 480
0 2293 13 481
0 2293 12 482
0 2293 11 483
0 2293 11 484
0 2293 10 485
0 2293 11 486
0 2293 12 487
0 2293 13 488
0 2293 14 489
0 2293 15 490
0 2293 16 491
0 2293 17 492
0 2293 18 493
0 2293 19 494
0 3019 19 690
0 3019 18 691
0 3019 17 692
0 3019 16 693
0 3019 15 694
0 3019 14 695
0 3019 15 696
0 3019 16 697
0 3019 17 698
0 3019 18 699
0 3019 19 700
1 1422 19 470
1 1422 18 471
1 1422 17 472
1 1422 16 473
1 1422 15 474
1 1422 14 475
1 1422 15 476
1 1422 16 477
1 1422 17 478
1 1422 18 479
1 1422 19 480
1 1773 19 571
1 1773 19 572
1 1773 18 573
1 1773 18 574
1 1773 17 575
1 1773 16 576
1 1773 16 577
1 1773 16 578
1 1773 15 579
1 1773 14 580
1 1773 15 581
1 1773 16 582
1 1773 17 583
1 1773 18 584
1 1773 19 585
1 3922 19 356
1 3922 19 357
1 3922 18 358
1 3922 17 359
1 3922 17 360
1 3922 16 361
1 3922 15 362
1 3922 14 363
1 3922 14 364
1 3922 13 365
1 3922 12 366
1 3922 11 367
1 3922 11 368
1 3922 12 369
1 3922 13 370
1 3922 14 371
1 3922 15 372
1 3922 16 373
1 3922 17 374
1 3922 18 375
1 3922 19 376
